$MeshFormat
4.1 0 8
$EndMeshFormat
$Entities
6 5 1 0
1 0 0 0 0 
2 2 0 0 0 
3 2 2 0 0 
4 0 2 0 0 
5 0.5 0 0 0 
6 0 0.5 0 0 
7 -9.999999989185326e-08 -1.000000000583867e-07 -1e-07 0.5000000999999999 0.5000000999999999 1e-07 0 2 5 -6 
8 -1e-07 0.4999998999999999 -1e-07 1e-07 2.0000001 1e-07 0 2 6 -4 
9 -9.999999994736442e-08 1.9999999 -1e-07 2.0000001 2.0000001 1e-07 0 2 4 -3 
10 1.9999999 -9.999999994736442e-08 -1e-07 2.0000001 2.0000001 1e-07 0 2 3 -2 
11 0.4999998999999999 -1e-07 -1e-07 2.0000001 1e-07 1e-07 0 2 2 -5 
13 -9.999999994736442e-08 -1.00000000169409e-07 -1e-07 2.0000001 2.0000001 1e-07 0 5 7 8 9 10 11 
$EndEntities
$Nodes
12 92 1 92
0 1 0 1
1
0 0 0
0 2 0 1
2
2 0 0
0 3 0 1
3
2 2 0
0 4 0 1
4
0 2 0
0 5 0 1
5
0.5 0 0
0 6 0 1
6
0 0.5 0
1 7 0 2
7
8
0.4330127018922195 0.2499999999999997 0
0.2499999999999998 0.4330127018922194 0
1 8 0 5
9
10
11
12
13
0 0.75 0
0 0.9999999999999998 0
0 1.25 0
0 1.500000000000002 0
0 1.750000000000002 0
1 9 0 7
14
15
16
17
18
19
20
0.2500000000000002 2 0
0.5000000000000001 2 0
0.7500000000000001 2 0
1 2 0
1.25 2 0
1.5 2 0
1.75 2 0
1 10 0 7
21
22
23
24
25
26
27
2 1.75 0
2 1.5 0
2 1.25 0
2 0.9999999999999998 0
2 0.75 0
2 0.5 0
2 0.25 0
1 11 0 5
28
29
30
31
32
1.75 0 0
1.5 0 0
1.25 0 0
0.9999999999999984 0 0
0.7499999999999984 0 0
2 13 0 60
33
34
35
36
37
38
39
40
41
42
43
44
45
46
47
48
49
50
51
52
53
54
55
56
57
58
59
60
61
62
63
64
65
66
67
68
69
70
71
72
73
74
75
76
77
78
79
80
81
82
83
84
85
86
87
88
89
90
91
92
0.5001891426606386 0.4992243965096463 0
1.78349364905389 1.125 0
0.8780104435605411 1.767060037851484 0
1.779412961420016 0.6294817019701184 0
0.2077340742769022 1.100855940138911 0
1.100964165451984 0.2059171115632358 0
1.37275462243411 1.79742463752737 0
0.3750000000000002 1.78349364905389 0
1.625 0.2165063509461095 0
1.761862551265406 1.618526025666324 0
0.6850898195526575 0.3356526040355452 0
0.7486319692184362 0.5687596145354257 0
0.5675970694274061 0.7477189669682928 0
0.8147735174297204 0.8128231639625714 0
0.6364314052912206 0.9933056285634806 0
0.8815563541613456 1.057085240854 0
1.060025491408641 0.8775295741245603 0
1.126143179145048 1.121219287872727 0
0.7041284639796321 1.237382562720474 0
1.304075652512887 0.9421675242123217 0
1.239006677224197 0.6992753106797482 0
1.366207930008526 1.185453186442226 0
1.190181975863044 1.361371566965319 0
1.419482339433146 1.413758836677862 0
1.527200447096322 0.7392012657977654 0
1.406377598629591 0.4948475863234769 0
0.3952496873251526 0.9291488226844998 0
0.9301838135541954 0.3963534632040252 0
0.3387244222815123 0.6848508146757764 0
1.559193170056248 1.019470329408719 0
0.9948850069900927 0.6355694995923735 0
0.9479021315701719 1.300217631754551 0
0.7707734819938843 1.480353889805631 0
0.5266737358437762 1.416964471412815 0
1.02697800549794 1.546850308411025 0
0.6250000000000002 1.699961845414371 0
1.365575762455277 0.2471722546233612 0
1.792845511670462 1.369795301024626 0
1.774883371271079 0.8771922161961003 0
1.129623845248765 1.783323343137525 0
0.2654417680391602 1.379635127816023 0
0.4559431891259741 1.176215425556034 0
1.172832170717556 0.4465225376643702 0
1.806961692313243 0.3800281019658298 0
1.616731955471853 1.8091358954074 0
0.2111212035147532 1.625904357685034 0
1.272968008250138 1.587434350643671 0
1.590375296218963 1.264787239005811 0
0.1803820090657133 0.8483092629165311 0
0.8485396330931388 0.1795105333539743 0
1.617017703135725 0.4928083508591762 0
1.498787261023824 1.621877411142924 0
0.4006473414795381 1.581191890276427 0
1.816987298107781 0.1830127018922191 0
1.816987298107781 1.81698729810778 0
0.1830127018922196 1.816987298107781 0
1.61267059192236 1.457748962703509 0
0.145408001618123 0.6316452463181143 0
0.6316794573278433 0.1442029244394297 0
1.5 0.3542588624827956 0
$EndNodes
$Elements
12 186 1 186
0 1 15 1
1 1 
0 2 15 1
2 2 
0 3 15 1
3 3 
0 4 15 1
4 4 
0 5 15 1
5 5 
0 6 15 1
6 6 
1 7 1 3
7 5 7 
8 7 8 
9 8 6 
1 8 1 6
10 6 9 
11 9 10 
12 10 11 
13 11 12 
14 12 13 
15 13 4 
1 9 1 8
16 4 14 
17 14 15 
18 15 16 
19 16 17 
20 17 18 
21 18 19 
22 19 20 
23 20 3 
1 10 1 8
24 3 21 
25 21 22 
26 22 23 
27 23 24 
28 24 25 
29 25 26 
30 26 27 
31 27 2 
1 11 1 6
32 2 28 
33 28 29 
34 29 30 
35 30 31 
36 31 32 
37 32 5 
2 13 2 149
38 57 71 36 
39 16 68 15 
40 66 74 73 
41 69 75 58 
42 73 85 66 
43 36 83 57 
44 15 68 40 
45 35 67 65 
46 35 68 16 
47 62 71 57 
48 65 68 35 
49 58 92 69 
50 78 85 73 
51 73 74 37 
52 38 75 69 
53 66 68 65 
54 35 72 67 
55 34 71 62 
56 66 85 68 
57 57 83 58 
58 37 74 59 
59 63 75 60 
60 60 75 38 
61 59 74 47 
62 44 63 60 
63 33 43 7 
64 45 46 44 
65 33 44 43 
66 44 60 43 
67 45 47 46 
68 45 61 59 
69 64 67 55 
70 47 48 46 
71 50 64 55 
72 48 50 49 
73 33 45 44 
74 52 62 57 
75 45 59 47 
76 47 51 48 
77 48 64 50 
78 50 52 49 
79 8 61 33 
80 50 54 52 
81 52 57 53 
82 54 62 52 
83 41 83 76 
84 51 64 48 
85 55 56 54 
86 65 67 64 
87 48 49 46 
88 51 65 64 
89 8 33 7 
90 57 58 53 
91 33 61 45 
92 46 63 44 
93 50 55 54 
94 42 84 77 
95 51 66 65 
96 52 53 49 
97 29 41 28 
98 22 42 21 
99 26 36 25 
100 19 39 18 
101 23 70 22 
102 25 71 24 
103 22 70 42 
104 36 71 25 
105 15 40 14 
106 24 34 23 
107 34 70 23 
108 24 71 34 
109 18 72 17 
110 39 72 18 
111 30 69 29 
112 12 73 11 
113 29 69 41 
114 17 35 16 
115 49 63 46 
116 53 63 49 
117 17 72 35 
118 47 74 51 
119 11 37 10 
120 31 38 30 
121 11 73 37 
122 38 69 30 
123 41 92 83 
124 51 74 66 
125 53 75 63 
126 62 80 34 
127 58 75 53 
128 42 89 84 
129 27 76 26 
130 20 77 19 
131 13 78 12 
132 72 79 67 
133 59 81 37 
134 54 80 62 
135 55 79 56 
136 26 76 36 
137 19 77 39 
138 38 82 60 
139 12 78 73 
140 67 79 55 
141 37 81 10 
142 31 82 38 
143 56 80 54 
144 28 86 2 
145 2 86 27 
146 21 87 3 
147 3 87 20 
148 14 88 4 
149 4 88 13 
150 39 79 72 
151 34 80 70 
152 61 81 59 
153 79 84 56 
154 60 82 43 
155 39 84 79 
156 10 81 9 
157 68 85 40 
158 32 82 31 
159 40 85 78 
160 82 91 43 
161 61 90 81 
162 7 91 5 
163 6 90 8 
164 70 89 42 
165 43 91 7 
166 8 90 61 
167 81 90 9 
168 32 91 82 
169 27 86 76 
170 20 87 77 
171 13 88 78 
172 41 86 28 
173 42 87 21 
174 40 88 14 
175 56 89 80 
176 76 83 36 
177 80 89 70 
178 9 90 6 
179 5 91 32 
180 77 84 39 
181 69 92 41 
182 76 86 41 
183 77 87 42 
184 78 88 40 
185 84 89 56 
186 83 92 58 
$EndElements
